#    TARGET Edecoy_avg Edecoy_sig Edecoy_low   Enat_avg   Enat_sig    Enative  ZscoreN  ZscoreD IsID >0.50 bstD rank %rank   rcorr   zcorr loss
T0860D1   1   -1060.18     442.50   -2393.26   -2963.32       0.00   -2963.32   4.3008   3.0126    1     1    1    1   0.0  0.7456  0.9631  0.0
T0861D1   2   -3429.77    1642.37   -8379.17   -7839.78       0.00   -7839.78   2.6851   3.0136    0     1    1    1   0.0  0.8938  1.4407  0.0
T0865D1   3    -729.13     369.61   -1207.49    -904.61       0.00    -904.61   0.4748   0.4077    0     1    0    9  40.0  0.4516  0.4867 32.3
T0868D1   4   -1001.39     361.20   -1460.43   -2473.10       0.00   -2473.10   4.0746   1.2709    1     1    1    1   0.0  0.6601  0.7929  0.0
T0871D1   5   -2570.70     637.40   -4243.14   -6379.84       0.00   -6379.84   5.9761   2.6239    1     1    1    1   0.0  0.7185  0.9045  0.0
T0872D1   6    -696.97     353.65   -1453.65   -2223.81       0.00   -2223.81   4.3174   2.1396    1     1    1    1   0.0  0.7066  0.8804  0.0
T0873D1   7   -3422.98    1719.04   -9730.54  -12297.62       0.00  -12297.62   5.1626   3.6692    1     1    1    1   0.0  0.8548  1.2738  0.0
T0879D1   8   -1733.35     731.57   -4308.66   -5409.36       0.00   -5409.36   5.0249   3.5203    1     1    1    1   0.0  0.9089  1.5210  0.0
T0889D1   9   -2860.50    1203.01   -6721.09   -6200.18       0.00   -6200.18   2.7761   3.2091    0     1    1    1   0.0  0.8679  1.3246  0.0
T0891D1  10    -984.72     524.59   -2428.69   -2394.90       0.00   -2394.90   2.6882   2.7526    0     1    1    1   0.0  0.9094  1.5239  0.0
T0892D1  11    -698.58     271.84   -1232.53   -1253.01       0.00   -1253.01   2.0396   1.9642    1     1    1    1   0.0  0.7316  0.9323  0.0
T0893D1  12    -671.70     290.68   -1101.41    -978.13       0.00    -978.13   1.0542   0.5249    0     0    0    8  35.0  0.8292  1.1854 10.3
T0893D2  13   -1386.76     571.02   -3119.78   -3487.53       0.00   -3487.53   3.6790   3.0350    1     1    1    1   0.0  0.9346  1.6932  0.0
T0898D2  14    -342.19     183.31    -669.30   -1086.14       0.00   -1086.14   4.0584   1.7845    1     1    1    1   0.0  0.4489  0.4833  0.0
T0902D1  15   -1664.34     724.01   -2774.08   -3851.42       0.00   -3851.42   3.0208   1.5036    1     0    0    2   5.3  0.4863  0.5312 42.7
T0903D1  16   -4681.95    1399.61   -8995.18   -8681.12       0.00   -8681.12   2.8573   3.0817    0     1    1    1   0.0  0.8140  1.1386  0.0
T0912D1  17   -2477.11    1122.73   -5116.71  -13573.49       0.00  -13573.49   9.8834   2.3511    1     1    1    1   0.0  0.6559  0.7857  0.0
T0920D1  18   -2573.12    1223.08   -6490.39   -9541.22       0.00   -9541.22   5.6972   3.2028    1     1    1    1   0.0  0.8992  1.4681  0.0
T0921D1  19   -1151.52     481.44   -2629.50   -3364.72       0.00   -3364.72   4.5970   3.0699    1     1    1    1   0.0  0.8041  1.1101  0.0
T0922D1  20    -600.71     273.20   -1295.98   -1382.72       0.00   -1382.72   2.8624   0.8821    1     0    0    5  21.1  0.5165  0.5716 37.5
T0942D2  21   -2608.44     526.12   -4198.49   -4878.66       0.00   -4878.66   4.3150   3.0222    1     1    1    1   0.0  0.9063  1.5066  0.0
T0944D1  22   -1735.20     863.51   -4047.53   -4989.10       0.00   -4989.10   3.7682   2.6778    1     1    1    1   0.0  0.8072  1.1191  0.0
T0947D1  23   -1315.47     336.68   -1848.13   -3149.58       0.00   -3149.58   5.4476   1.5151    1     0    0    2   5.3  0.4015  0.4254 46.0
# AVERAGE                                                                     3.9461   2.3580   17    19   18  1.9   4.6  0.7371  0.7803  7.3
#
# Score-Range    0-100  50-100  70-100  40- 60    0-100  50-100  70-100  40- 60
#Int.Diff.[%]   10.216  17.121  17.105  16.479    1.803   5.837  11.184   2.032
#
#    Rank% < or =     1.0%          5.0%         10.0%         20.0%         50.0%        
#  Targets, # (%)      18 (78.3%)    18 (78.3%)    20 (87.0%)    20 (87.0%)    23 (100.0%) 

        Score:     >0.0     >0.1     >0.2     >0.3     >0.4     >0.5     >0.6     >0.7     >0.8     >0.9
Agreement [%]: 74.91517 75.77843 73.56021 71.23596 63.84615 77.14286 66.66667     -nan     -nan     -nan
          [#]:     4126     3051     1146      445      130       35        3        0        0        0

Agreement Matrix [%]: (* if no cases)
Score   0.1   0.2   0.3   0.4   0.5   0.6   0.7   0.8   0.9   1.0
  0.1  57.7  67.9 100.0 100.0 100.0 100.0     * 100.0 100.0     *
  0.2     -  67.9  56.6  92.0 100.0  96.5 100.0 100.0 100.0     *
  0.3     -     -  49.1  76.3 100.0 100.0 100.0 100.0 100.0     *
  0.4     -     -     -  69.0  67.6  84.0 100.0 100.0  73.3     *
  0.5     -     -     -     -  53.3  68.2 100.0     *  83.3 100.0
  0.6     -     -     -     -     -  78.6 100.0     *  66.7     *
  0.7     -     -     -     -     -     -     *     *   0.0     *
  0.8     -     -     -     -     -     -     -     *     *     *
  0.9     -     -     -     -     -     -     -     -     *     *
  1.0     -     -     -     -     -     -     -     -     -     *

